            6601157115930                 410731.51 20230315
             200000702659                  13116.57         
             200000731837                   7428.10         
             200000848173                  21071.00         
             200000877297                   8140.61         
             200005791827                  19254.84         
             200013009658                  15662.35         
             200015206046                  15441.08         
             200023343508                  14865.94         
             200023739018                  10733.05         
             200027104017                   8493.17         
             200027763037                  18519.82         
             200029404967                  13121.50         
             200029406269                  14907.97         
             200031777258                   8817.62         
             200035693466                   9393.00         
             200043023399                  21223.33         
             200044261118                  10240.44         
             200044604913                   9900.80         
             200044649186                   8622.86         
             200045133337                   5819.65         
             200045725738                  16491.07         
             200048096475                   6934.30         
             200048100073                   5738.30         
             200050460273                  10513.71         
             200050561282                   7256.31         
             200050634654                   8309.50         
             200051007874                  10126.49         
             200053479463                  18607.28         
             200053484114                   9749.90         
             200054269578                  28775.00         
             200054385788                   7839.50         
             200054729706                   8670.75         
             200055109922                  16945.70         
