            6601157115930                 451436.27 20221222
             200000702659                  15082.95         
             200000731837                   9203.93         
             200000848173                  22872.23         
             200000877297                   9211.00         
             200005791827                  18499.14         
             200013009658                  19250.43         
             200015206046                  18510.57         
             200023343508                  16958.74         
             200023739018                  15734.73         
             200027104017                   6806.92         
             200027763037                  20104.31         
             200029404967                  11391.70         
             200029406269                  15783.34         
             200031777258                   9533.28         
             200035693466                   8594.00         
             200043023399                  25502.91         
             200044261118                  12725.46         
             200044604913                   9993.25         
             200044649186                   9139.72         
             200045133337                   6244.77         
             200045725738                  17751.26         
             200048096475                   8438.27         
             200048100073                   7822.17         
             200050460273                  13332.77         
             200050561282                   8203.92         
             200050634654                  12987.99         
             200051007874                  12429.85         
             200053479463                  19989.66         
             200053484114                  10103.59         
             200054269578                  33528.29         
             200054385788                   7045.19         
             200054729706                   8437.26         
             200055109922                  10222.67         
