H         1040838000859     22820230421
040540119784      9894.59
040540142530      7360.44
040540147796      7065.72
040790034220      15052.05
040790036665      10066.92
040790040255      7710.61
040790047896      5968.06
040790062054      5968.06
040790085704      6850.91
040790099489      19797.18
040790100215      10284.59
040790103133      6296.56
040790103168      6529.16
040790103184      5757.13
040790103303      5968.06
040790103435      5768.45
040790103494      5242.44
040790103672      5968.06
040790103699      7520.56
040790103923      10729.08
040790104350      5968.06
040930052862      15408.28
040970000596      9394.67
040970000634      8654.07
040970000723      463.23
040970000782      8869.50
040970000901      4648.90
040970000979      7357.95
040970001010      10345.79
040970001126      16769.22
040970001479      19101.99
040970006438      18339.76
040970007523      15058.08
040970008341      457.16
040970008635      8744.71
040970009380      12930.04
040970009496      628.49
040970010133      7590.60
040970010419      2481.48
040970010885      10958.37
040970011539      492.10
040970012446      6348.25
040970013140      8129.08
040970013825      7431.31
040970014368      11236.54
040970014651      5444.86
040970017367      9970.81
040970017774      7376.28
040970017952      10930.26
040970022484      8361.50
040970023405      1988.23
040970023685      25194.77
040970023758      13557.05
040970023766      10751.80
040970023804      9005.50
040970023812      1049.40
040970023820      12360.55
040970023839      12757.09
040970023847      814.36
040970024398      13513.54
040970024452      13648.68
040970024487      6019.05
040970024819      1083.88
040970024878      4130.57
040970024886      2308.20
040970024932      11151.00
040970024959      9735.75
040970024975      10086.93
040970025025      17826.62
040970025068      13165.38
040970025076      8995.91
040970025335      11672.17
040970026145      16390.40
040970026250      10946.50
040970027435      12281.44
040970027516      13384.14
040970028059      10281.56
040970028393      9028.58
040970029500      8519.34
040970032846      14099.05
040970033737      9760.71
040970040946      17391.75
040970042086      686.70
040970055099      10159.07
040970057458      8353.06
040970057598      13888.35
040970057652      2225.21
040970057695      11423.63
040970057776      8114.46
040970057784      7492.77
040970057830      7400.29
040970058683      12688.80
040970060084      8933.71
040970061250      6363.33
040970061382      7792.18
040970061889      9094.66
040970064934      7474.22
040970065094      9234.61
040970065205      3994.27
040970065868      10752.45
040970070187      11117.20
040970071914      12459.14
040970082061      2212.91
040970085656      5743.67
040970087608      2533.51
040970089295      3107.39
040970092415      13843.09
040970096836      7948.46
040970105045      10417.74
040970106017      3247.27
040970110251      12632.73
040970110278      8847.78
040970112106      6967.73
040970112122      8711.96
040970112661      11147.91
040970113331      5761.26
040970113366      9142.98
040970116578      9339.85
040970118112      9945.31
040970120753      8640.61
040970121733      6168.27
040970122500      8472.68
040970122527      6913.29
040970124007      7055.23
040970124015      6839.31
040970124236      10456.05
040970125763      11760.77
040970132956      11132.74
040970136072      8923.51
040970136366      7945.96
040970136749      2893.95
040970137192      13350.27
040970138555      13523.16
040970138970      13144.98
040970141467      11788.35
040970142137      7069.42
040970144393      5675.37
040970155247      6270.42
040970155883      8320.66
040970155980      7339.22
040970156677      10067.34
040970156782      11067.34
040970157061      6415.21
040970158114      16014.40
040970158203      6772.07
040970158416      16659.22
040970158645      6961.71
040970164769      8573.71
040970164971      8174.80
040970165064      8419.59
040970165773      6170.77
040970166060      13985.51
040970166079      15378.85
040970166885      10816.27
040970167830      18957.23
040970167857      3875.97
040970167865      17573.66
040970168012      3400.68
040970168462      13335.70
040970168888      8990.29
040970169094      6121.05
040970170688      6678.78
040970170696      6942.30
040970170734      5556.10
040970174225      7645.59
040970175892      4743.61
045250044000      12618.73
045250044019      6180.14
04525004435      6813.01
045250045554      6301.57
045250053530      8912.28
046550001152      8004.61
046550001667      12063.90
046550009439      15956.06
T       1741569621.80
